4806000000
124582735.7
1774111920
378386646.6
-193351180.9
307693608.6
7599000000
173391209.3
5591733000
577275142.2
-818614186.2
62915390.18
137506435.7
1607121269
19963099000
304461206
71477900
1272365949
1032683396
16468584.43
16203474513
711070751.6
54185991.22
74205455.85
31456081.4
285862760.8
65200578.47
551651901.7
55801358.7
483604845.1
271100843.5
272632202.1
28307531.07
2460544884
74177366.61
407055917.7
3152037.08
876671553.9
-18632242.76
235213487.8
141541373.2
935136.51
1037541520
1037541520
1345168744
26308925.98
8509580.52
20668350.04
172606562
14936977.09
-65677060.12
10659485.49
24281772.75
226626447.6
259316812.6
-16566894.8
-2411616.72
5611097846
442122392.8
13969995000
15533774.95
37467858.95
192317871.4
58023764.15
3846816.74
15701133.31
60353671.72
69464000000
251015811.4
91738000
101597254.5
50628280.19
122392444.8
11112997.91
80895971.28
553918854.7
52462306.61
53958243.5
5814126.46
19822104.28
135342530.5
-573516.48
164049885.4
19913477.99
101385579.6
725275462.1
130976415.7
75066265.46
34033663.82
-94092053.45
2448512.14
708747354.6
29049633.69
113348721.4
113348721.4
114371069
6005418.33
15093856.34
17627236.02
2229249983
43811242.93
58498138
7548389.18
32049396.01
14015144.13
5595785.76
130460596.4
95166248.84
4778986.54
1629524.13
4742368.02
8731452.03
14435671.48
142025186.1
162258932.2
15134524.16
151417196.1
15755286.08
77698743.61
15380846.06
-288709662.2
59736902.68
997263811.8
50443242.17
30574335.87
260135196.1
214738554.1
27635353.83
20212738.63
167435266.9
5527432.28
373474620.5
-19137710.1
422696420.9
321508569.7
34822293.81
31516943.02
25688762.32
14055397079
16153709.33
23116217.1
24563491.35
9900590.87
118675872.1
25031841.4
19360592.65
3749804.05
6342480.84
9814171.33
16501628.9
26641427.68
147794113.6
2111274.1
1583943848
520041000
520041000
280077081.5
-935135.03
89302053.05
24707972.97
17455305.67
125199029
21259018.6
127701878.9
64828397.48
26559706.18
21898001.5
5681684.9
5720328
50123258.08
75270571.71
12147651.82
4670747.5
9400241.36
60812528.09
10187895.75
29034704.12
10612804.03
49269221.43
6128080.39
292843375.8
59314878.08
51483146.63
441938684.6
4860033.78
97484659.7
139997686.8
16052022.13
40084698.53
19250012.13
334622402.5
377989065.2
38773096.73
12379340.44
81044308.47
10249490.46
87274014.31
105125044.3
167840588.9
158955183.2
480269458.7
133780298.4
230562898.3
10324312.82
20264943.39
30389972.46
135616252.3
-8298352.04
20287518.13
605191176.5
5046603.81
9991184.14
21318268.07
12973778.94
162953393.3
1013467399
1398731973
523077268.7
46551423.4
22297588.39
71401491.94
173637031.4
608584451.2
10724918.42
173976376.1
3360030.69
17170075.96
41480439.86
25987467.45
65156298.55
70196872.65
16294100.23
15929039.44
2709505.78
21219663.17
11925202.17
31760566.59
483093.95
-5908279.11
111546612.6
35687217.53
23955326.47
28141194.99
6363885.88
26044746.81
11216459.79
37441919.92
-8093519.82
28391533.19
111428866.8
46408241.69
23226871.05
2143688.3
8387239.37
22185133.1
23743857.51
204681279.8
25602642.34
18097881.8
-126382430.6
3747803.99
48244893.36
21306899.3
61978492.73
9060196.89
9938059.16
203613847.2
19054320.88
1211337.05
-7924989.02
26594508.17
6036360.56
55541479.2
132301746.9
4554676.8
27480573.97
5581198.95
7916233.52
17185536.44
4331445.21
9815630.8
5532029.83
6147693.57
33794746.58
-805131.76
49861083.61
112698349
12447005.45
32224036.95
165620705.1
-335921956.8
31852924.22
1724450.4
16832168.14
16832168.14
14087138.56
428467767.2
248965157.1
653912446.1
67951591.93
203953641.1
204936518.6
1851074644
44040202.99
25018253.49
8589470410
47231095.04
1839999.66
87079469.08
162164248.9
9925296.43
-11038132.35
39291406.34
14621052.25
40016222.95
32562924.52
19865338.19
117881070.5
315848659.8
20487626.17
64197052.67
21378673.52
41760070.22
48255226.59
57007824.95
38581862.24
147757349.7
4889258.29
10727643.05
824489479.8
29126226.4
-91235918.57
20131612.73
10062223.2
21153815.54
279663829.2
737817691.3
32877147.58
48412591.81
19303058.47
19033984.46
11420475.89
3369511.77
26025628.66
21146801.45
5387163.22
5732588.55
33875357.84
35532375.64
31928092.51
23243501.22
263458982.2
32252596.74
31550644.61
86360839.63
1515859912
1515859912
15035383.01
315766276.7
10876077.31
15650499.67
26804005.23
-943405.57
55050819.5
1218085.71
229292150.5
20808093.58
5945841.45
1689627134
367064832.2
719424000
4456271.69
-128433311.6
2194102632
1122042383
178253036.9
18379843.49
355346378.1
235431189.2
125475019.9
43881791.76
1168702130
413940197
208271730.5
153555088.2
272541158.9
272541158.9
1147465852
64000000
2391589083
1295521508
332063078.6
88593836.74
44936249.66
63514215.25
102107214.9
509270628.9
798123176.5
522820497
58000014.4
174019684
1746307000
63908081.04
6976092.46
374332807.1
32943493.89
76226033.23
125708641.4
33848390.67
16812881.93
113888206
7092787.62
5525620.47
141481146.1
314156032.1
132749758.2
99918295.11
349733728
32234734.17
149564151.1
180813994.3
161685253.9
-20990188.32
42017081.34
119566895.7
1161505636
21106048.48
11882620.6
17540850.73
1529781037
639725621.6
307053710.6
1226803115
539267172.3
-1783886.13
-377917569
218052339.4
79690963.67
-33619794.65
61257169.98
255122841
91510025.49
281257937
21524476.64
165164906.9
65981762.94
578965487.4
529257209.2
502884627
-17663547.3
671135021
134821976.9
24967771.59
1179416.46
3186252.28
1013350791
311910435.6
921575848.5
-3371615.75
787891581.7
333616784.6
131038957.3
19272314.1
10067544.22
133098023.3
-7670060.73
604759275.1
-283208018.6
5117016.41
173962683.7
160545149.7
317911985.3
276521269.3
24979397.51
115781740
257581743
1054072115
7839644.69
10954471.76
656890074
72502578.6
156179126.6
5249929.45
100775887
627942240
150197994.3
204370296.8
212464453
19434999.36
24691851.59
48892680.11
-533168287.4
-533168287.4
-5485824.78
3413029.84
29326883.57
153133846.4
73498980.13
2261915.96
14037308.44
267483629.2
130141102.8
21353291.54
67525412.76
82206843.97
89918555.67
14578698.96
604268.23
22426921.54
4748480.37
27974148.68
18218136.5
14959735.93
53191918.25
151946452.9
43497164.86
423461026.8
33097341.61
681638113
79514538.23
707151805.2
407369191
407369191
33620179.2
2900005927
6735771.98
403215866.3
98394782.16
101030591.2
443311176.7
204849691
-78310183.76
33761366.47
-5342025.43
123048943.9
119123706.3
26024197.26
65641479.54
65641479.54
95326999.17
82966926
82966926
64450827.86
10860022.42
9385571.49
-31675353.82
90441077.61
10752058.47
221129412.2
64293443.35
31814928.23
429946047.4
164477273.1
101067297.5
229646884.9
-6209458.51
27585844.75
91371991.38
159648370.5
33752081.33
265330604
134387889.6
557331716
7084262.55
-8806598.73
233858579.1
800965012.9
6175492.84
472613778.6
7874797.54
83372734.35
50720295.59
5506065.15
13363716.15
7922241.49
12919989.43
11713658.55
407630949.3
16215110.41
869697.88
34306243.48
55831102.73
-15333253.13
36124042.18
193934494.7
98900095.68
21928470000
7415395218
463119381.5
9908781.83
33281313.05
-3377700.17
91389970.96
8866395.04
11372977488
-447251189.1
1896356.43
937722391.4
-19260867.99
-9941495.91
210141741.8
906941725.5
1628677606
260671061.7
349921564.6
7585045.05
57775731.87
261038812.2
19960377.07
123909503.5
27452617.96
25102233.56
4705201.46
5714730.34
1934157.93
-1973256.83
26177351.56
32158397.39
146067349.5
-41477.78
2379402.82
123277899
261743731.9
1407668999
5136900544
1148120120
156734251.5
401136343.2
85876689.2
40494854.69
11619130.17
87434811.43
874487354.2
14133457.33
3187034.99
179992759.1
12026239013
1045077177
394312431.8
113000672.5
202184552.3
740955270.3
2349900475
134380777.7
28029231846
3275615.56
24407437011
795356101.2
16120014000
16158984000
893703711.2
77820265.06
3939887830
651188250.8
374510894.9
1736492584
144309232.1
746538735
38689721.1
93104930.26
95816766.52
175103387.2
174993128.2
6795619200
17907223.57
-19105802.37
10569461.81
40164358.06
89796287.96
52449725.44
258528133.5
1013089899
6815280108
6815280108
1402778137
992879900.3
920686710.6
42176316.88
6630621000
368481530.3
129925790.8
79259117.32
-94209313.18
206111256.2
206111256.2
104322846.6
1906159123
-214106854.9
388866100.6
336997223.9
394512623.7
209881740.1
163243702.9
32998194.96
56491914.21
34501775.34
27365275.98
22317889
303251359.2
118816551.5
19998027.71
91368809.65
-49466519.95
264797176.3
103403126.9
35508028.05
-138013384.7
-138013384.7
21409412.56
2302294488
5028025.38
516280610.3
-5639967.16
13706538.03
17464589.24
13472998.03
28125630.71
-19081.36
28917223.52
10195446.73
17646767.45
6404521.56
317131693.9
15566224.92
43087001.18
239604531.7
46940585.15
195207939.6
146559378.3
75488065.38
89537358.41
95865639.7
63484103.17
172290796.1
1045947150
294207260.3
142887219.3
490847480
40165048.93
79973296.69
33730074.69
74998512.13
151895060.7
401876789.6
152866324
268214435.7
129675147.4
15024652.58
40235543.75
65425397.01
14052020.04
9810968.43
12860594.4
3636744.55
3072572.23
226494351
2985153.12
158642542.7
39855688.39
966265638.1
95671065.01
11439711.81
130296030.8
25160446.72
80721927.55
32048129.1
11735652.39
25759175.19
1674831000
4286525076
668256015.9
275839684.9
46628391.89
96566336.56
24992351.88
152610973.8
12904761.88
45843086.69
3840816.76
274906566.6
361840787.4
229558776.1
202310107.1
230183688.6
67122580.82
593511463.5
28087406.47
1961833700
376695492.8
-235426332.3
163609934.9
309620111
69959719.82
927767102.7
19457245.44
105302864.1
358966813.9
16718826.92
301118221.1
32589007.58
-42171721.38
17005860.92
82051324.5
33944839.77
971988773.2
112959102.1
11365759.05
75702064.4
129481134.9
51239061.6
254499219
63334770.55
1073997630
-2746434.88
54899803.93
137943771.8
137325362.2
397540.18
34379984.43
24962248.67
-2124790.64
139445349.9
30061481.85
597288169.2
-8681030.22
94283574.09
228607564.7
30431103.89
42080370.01
361926586.2
-29033415.08
298762094.5
25184651.53
1190383174
122299667.5
364711198.3
63581647.31
158494804.1
415818162.2
114285566
647249442.3
157476488.4
32338165.62
320714800.3
48710293.31
144153642.6
158497067.5
279885280.9
165395564.8
335913735
31618128.66
47118525.95
253200929.4
226296551
169665692.5
24369925.55
349735916.2
432904291.8
18205560.95
27424489.91
40246728.27
9386460.56
9358490.02
68105035.16
137605511.2
223780814.3
52537377.69
17059019.1
237081735.1
88083227.95
97693351.99
74835826.51
81649825.86
112241406
45205509.15
53248123.71
-338289552.4
123931009.6
-65359253.13
5242117.86
563461697.3
8832032.36
67074319.16
-4503232.76
734287341.3
4926541.9
8733595.93
16917843.62
31392686.77
28564694.96
253177996.7
542615653.7
145462185.7
168038906.9
21263418.18
21085122.24
299228741.2
16330503.37
41282356.16
90901152
67959230.26
188151860.7
18598658.43
-473798.15
1476502832
111457005
198497389.3
16055951.02
52475056.88
170712595.2
754375.09
57875348.97
61491594.12
14468066.01
15074126.21
277830435.3
9793303.83
112927884.8
41306689.19
-714512.71
25004088.95
158929693.1
-42859526.58
41286851.39
8841216.13
22502336.06
3799127.42
6331225.35
917379.78
4603834.89
17301049.57
-2604007.12
32439904.25
193803190.4
216766796.3
15269095.1
85529206.62
208508678.4
25246148.72
96052674.9
77007101.31
22852991.89
15627827.4
9286269.87
3494064.53
5795742.28
5673203.71
11944840.7
75025336.37
29685245.89
50030692.93
106844069.1
106844069.1
21378627.84
21378627.84
51570461.78
215094296.1
34994293.57
162497361
76986196.1
47488729.03
78302945.24
66100633.9
66100633.9
28083403.21
216235267.3
118683038.8
343631939.9
-6492224.58
4543226.58
168024644.1
50216693.53
173167588.8
27484567.78
3523528.21
35231519.45
-10823078.52
14261871.32
-57616841.15
11980161.79
110946759.7
6470415.65
24015500.64
7991597.27
29955399.29
44919773.36
416023049.6
18370783.19
16591895.75
29185198.03
7457231.89
34468311.62
30701800
71381724.96
14663576.89
20826155.41
16661405.26
58301506.04
78870157.04
33860396.47
143612688
497594131.5
27859249.14
36248117.99
70551211.25
973900000
15622320.18
52651412.74
62309523.65
97064289.55
893243819.8
467781901.6
1348851361
40440448.98
1776268795
418072736.3
52656305.46
2431751.69
62368485.98
515118047.7
15487836.22
185989169.8
445303774
445303774
28653297.8
283356616.5
437858335.6
35572335.7
12942094.01
318381285.8
116302320.5
275574944.1
1500780508
92045613.32
5688310.47
25621906.12
5615749.53
113653682.4
18969200.33
22305434.28
109628196.6
67127152.64
-3372099.83
1275234.18
15392147.94
43197246.82
2610443.74
20896295.54
759738672.9
134185271.5
176962944.6
46206257.28
18643679.39
85947134.32
26833755.51
1768604.13
153382066
34488922.64
34488922.64
201235215.2
190584907.5
62893152.2
14790319.81
-1956884.86
156112997.5
-241566002.2
61408437.13
25990293.86
25653805.6
14495480.41
13951000
37429633.33
37429633.33
47125414.9
9663103.2
669668.42
305416857.5
22877860.32
128272934.6
58791503.76
13020025.29
15392003.32
18789534.75
9859220.67
51960902.94
329046097.4
109417913.4
13625107.8
10659647.71
30642642.21
4159822.45
95945852.72
181273018.3
679484193.3
44797958.07
36306014.65
67472718.39
74438743.08
-62631092.51
10815223.23
40124629.11
35095602.3
26710818.23
-7829105.5
13482253.14
-6065398.86
-65058144.57
41071673.85
18574082.39
10781435.22
17723922.74
85863968.99
72133544.45
3144032.13
276210611.6
22968674.61
16913829.69
36540084.29
84175462.75
72901194.98
3531441.09
29838154.62
39121459.93
23860168.74
4779396.36
850077.83
16616432.51
6398640.58
17282774.51
10355901.86
17616744.19
4698968.76
40639882.14
-9464420.46
6166301.9
70835414.14
8923122.14
28808851.42
9127520.95
8704646.38
8033539.5
241340667
161661284.7
24914872.85
524079303.2
86684223.79
90653450.57
40389953.98
74485456.48
71572886.22
121149577.5
22165222.11
33784393.92
9887683.96
48744869.13
2593397.76
65273952.84
55392060.05
66843807.22
27019944.71
93799978.43
43908635.18
43251373.69
9609324.3
15375479.81
42874502.62
4510472.25
23843171.65
646409172
508261688.8
11424578.62
4062419.38
5838989.5
22140169.22
8680435.02
11013174.13
6010156.9
18382268.11
28840080.81
47483387.32
62428406.75
7792343.44
17833879.46
-36702993.42
81330017.45
39675230.23
54023468.51
-355083449.6
7166638.47
165484511.5
-912244.48
28941389
347426925.6
-17638546.81
62181872.47
63188788.95
-1667441.67
24978579.22
3578057000
47823493.58
28780625.34
4892016.6
-1872818.7
496694508.4
8844640.45
-29827309.56
82109369.11
28081213.42
146069073.8
17542603.5
13863489.26
50857548.81
132170998.9
23969524.19
1858885746
618593557
-424727583.5
25030916.52
15141490.85
157853792.3
70417696.15
46503610.14
1007760.47
3354026.17
1245858581
20516167.57
860397104.5
56630988.56
796852679.9
841825285.6
1746010275
213673151.4
58317635.49
2795533449
118882004.1
23345288.58
36695591.68
52277406.64
15149313.24
14118767.06
621087047.1
150813801.1
4938675.47
171169286.5
146334126.6
571212529.8
68479398.25
43068971.92
19934162.09
53999404.72
147685771.5
923696715.5
1406260467
3585254907
550494362
1251812521
2901792000
1330903311
13976747975
-161457174.3
1061145287
326593541.3
195550591.2
3071871008
3071871008
159576636
51029237.81
878177447
878414265
530407178.9
753479903
753479903
57880290.43
875534258.9
14251253.37
48797751.65
927103690.2
-740776206.6
-31794939.65
308318843.9
13966704.44
30147407.94
1427114033
4724789.59
219309829.6
65100841.77
79744742.87
24704772.33
17578632.15
30191764.83
8519200.1
38046333.22
72693097.22
222564609.9
24400838.09
8494627.32
134969908.6
689563847.4
59565085.25
30111165.59
13826248.12
95349232.72
1864834.08
135589504.4
29636070.41
72425205.08
12332748.61
237876785.6
96525182.51
216339139.4
-22807187.61
257591684.9
37114665.49
2352782.32
497995983.9
9461194.25
12582490.73
37602952.07
2320211.5
53418803.94
7086311.71
60866797.15
6695581.34
129841652.2
45260164.29
15520284.82
53419897.98
19864926.71
26457587.88
52861215.45
18490067.67
4737099.97
52727810.9
27146939.82
4454470.13
9261704.96
12627787.74
40277379
11171560.61
4276083.88
33066582.79
17871845.7
6583513.52
14572252.05
5548971.48
62369124.4
12632499.71
15633123.63
28720704.61
61505282
18327030.58
8730830.01
4188935.12
98837102.81
7771006.91
20255100.87
34187596.44
18705300.24
5743432.98
11234694.48
81013859.01
6922750.75
22241787.47
31328305.86
15468302.96
36071505.99
274358583
16729526.49
42765330.9
175089996.2
153090324.2
462550512
279588511.7
23462082.81
23462082.81
310880484
1370402994
42260446.4
195618744.7
67784334.44
67784334.44
1189492542
75354835.83
75354835.83
15859221.25
58690690.53
42699752.02
28360956.29
43698766.07
205756335.5
85943602.82
-48269523.21
90215446.76
191342331.8
691031489
35719814.18
71663577.48
821327616.7
18949944.85
1171937088
29222930.53
4821790646
174682479.4
-56792948.82
-56792948.82
503193441.7
-19738415.05
64002613.64
189627738
-134783.95
330385559.6
25360309.16
9274798.76
-7180196.31
-7180196.31
162539926.5
7308194.65
7308194.65
91540500.98
2974223.9
122077897.6
136723890.5
1045664973
53323649.26
265275813.4
265275813.4
876258534.6
6474095000
824930.91
-43021503.07
9750406646
54384129.83
141291307.8
141291307.8
107860975.7
2270947.27
-106300064.1
77049515.76
56739530.38
177828.8
188504815.6
584703577.3
20279212.38
33214887.72
59863620.19
91776380.01
107129859.5
155493819.4
94325519.01
76053447.44
3078144.56
53912268.02
1497209823
179055874.9
53160786.39
65040740.11
2947407315
2304862784
28093339.78
25119548.14
18539488.02
234267549.7
23702919.04
12611029.57
10222786.55
73003938.85
17226474.93
10434419.55
30120580.96
11720336.55
85042675.94
85042675.94
17608321.72
464615247.2
79087334.88
54508737.32
83400506.52
490646249.8
610808730.9
561831469.2
3622132.11
10958930904
10958930904
3696846702
32831544.66
54858862.8
76660738.39
267186490.3
70995994.57
60300263.96
50303517.09
30236675.76
92821965.09
12693812.1
7448161.13
8893924.41
8139181.7
41108111.2
16695607.37
28128788.15
14911027.14
16133473.32
1445367744
26618574.97
257138942.5
20176054.1
6261465757
6261465757
73943658.78
5105786.34
311189164.4
91435807.26
291134339
14745371.51
22740675.76
148990717.6
98423541.09
3110377.64
120904092.7
31484628.71
96655246.86
35872981.99
56327857.62
-4698616.77
191765727
11362694.74
5831677.75
-11943131.45
29769412.73
51413266.27
163058107.5
7808974.07
222285530.9
7174373.72
2884075.99
13224794.38
549284.3
20649612.99
384403745.8
204608249.4
111098051.6
67378572.91
24822497.92
-390988696.1
59845975.8
280820651.4
92791984.62
50893492.41
128685031.6
44664342.87
50708609.47
60286200.45
3691975.77
272727290.6
-18134263.78
-91296473.45
77929407.32
32395991.62
75804317.97
92291324.53
10238482.69
34722886.8
44182355.86
-165027246.4
-35217371.8
117016088.8
109550373.4
65043213.72
13801951.33
33566876.25
-14636706.94
21979577.19
68980525.18
67781706.46
20405939.92
18411488.7
9175083.28
45882795.25
14041442.78
107092427.1
3874374.56
35842996.08
7961608.73
4137498183
256025835.9
68841715.7
2830877950
788509987.1
90389771.9
1173004302
281078552.5
281078552.5
2024416666
59544648.8
59544648.8
-17972417176
38054373.55
59805131.41
4717327.25
66113664.15
6621607.06
54637709
87970240.22
5668920.78
6627162.49
47608147.55
6075974.23
14299766.89
18863997.36
17748183.01
135069716.5
53743645.99
48637483.17
215843071.7
12367367.85
45260219.42
83922603.13
1014695329
236465007.1
1278742724
3392904.2
17933807.48
-115085181.6
992996.54
218730548.5
127961279.5
92825648.04
76921663.46
45436067.16
27109760.87
23100892.26
-7035229.92
291401548.1
-7128.39
20533840.03
41435150.32
643298462
13750029.13
207431772
6221194.38
562733446.1
1881472121
217788843.2
78933114.58
78514574.82
343527012.1
158030891.7
9344917.55
10681198.39
100273929.1
5399076.09
214018280.6
51625455.64
34467038.97
1175666194
2845564.95
135729432.6
8159218.81
37839784.38
300704083.8
-5722037.73
-3296932149
-3296932149
3773891.46
25399346.93
9389337.75
157723168.9
106854926.5
18865786.64
890135523.4
10559122.57
32545717.9
71274865.87
420596047.5
152273807.3
287429262.3
87539319.94
137057045.3
214373792.9
8945130.67
7961992.31
238255840.1
173199812.9
279404553.8
783423454.6
-11338490.18
622693600
792501824.9
-19780577.15
556718978.7
129470887.2
245256541.8
31882508.97
122856793.3
68305880.44
81390358.69
30584286.67
77447371.77
8511899.54
111553611.4
106123065.2
421758182.9
574186226.9
65305922.48
12183556.31
41696766.94
29538799.98
45118840.05
53659278.3
557212921.7
138577985.7
77559335.58
34524588.07
212774986
391650188.7
959552763.8
959552763.8
61607096.11
1402872652
32748413.28
14131828.14
195455282.3
85854849.99
-2362142.29
1472520894
513977112
63113506.54
37017935.23
-8952253
45574434.65
187882515.8
37746366.49
134475247.7
2606765.73
2606765.73
41463581.25
10491897.18
42882608.39
21792375.18
1406941.32
107499433
107499433
10609556.56
29526181.65
9057113.71
63523774.37
313182967.8
102054533.2
181111716.7
50623638.36
1043452814
8560850.48
4325047.23
138086753.1
295848017.1
21977781.71
198002680.5
58595134.84
19972696.59
42164656.47
15230037.31
114996161.4
9244952.94
14172933.98
7225579.24
60393658.22
218290939.5
103994462
40693925.02
1457290211
117004216.9
171769391.6
163445449.9
72715307.17
73514527.86
83126323.17
79961349.6
55623854.35
73268959.55
54564382.28
35154620.24
66716936.88
10629380.77
7661824
25893226.84
47654793.79
49442664.08
80163207.53
143610009.8
462448450.6
200264295.4
27333861.81
40627983.3
29456575.48
43189811.31
43189811.31
173590614.2
41179821.55
110904955.1
52239804.76
69527946.29
27308701.04
996625816.1
90643787.27
90643787.27
80377109.18
1208174583
19634202
8704823.08
16265652.47
226465877.7
13849524.39
141505356.5
31647232.98
63879406.69
17544364.98
42960249.35
32614988.75
29992695.87
48893245.3
24089977.59
5250955.15
56999205.06
-409063715.2
13050176.12
955684612.4
195040671.1
155171204.9
5996274.28
51980596.62
68477993.83
25116355.04
-89858173.09
471072191.9
35772124.69
81348049.35
159791440.1
196510000
68619236.63
3582730.2
48795683.88
40063033.67
50728120.03
108310718
108766591.2
309929650.2
157601445.2
16225885.24
246184610.6
24191883.12
248023708
40211633.99
219643835.9
68520552
34017070.04
50301401.35
51806460.69
29748148.42
110728286.2
5189941.39
65861748.17
2579281992
-284567238.7
146713530.9
29030517.5
73643123.43
7024041.24
7864933.04
17318555.37
19234140.13
70857449.91
14186440.26
57575831.84
77808437.38
2539242.56
-196220994.3
1102051428
345663926.6
28025281.29
253447604.3
11971645.25
23967102.17
61714088.2
184247184.5
100497519.2
40563667.95
165413990.7
13656037.86
12280717.69
21963199.41
20278740.92
51213301.02
-243039.36
32208738.87
43398442.03
4064046.58
8047723.45
129146237
284044300.7
73235313.91
307776094.5
149488573.1
90383300.27
-1144190.93
142643562.3
17396801.42
597462046.3
199443468
99981857.98
26070577.24
60321265.5
94941177.77
132407754
407356245.7
16747783.68
154639868.8
83406301.97
302150160.8
219649824
-482636799.3
313880436.1
-86421.94
97585820.23
205242162.3
61174260.3
45065885.87
45889268.13
18702044.65
105491904.6
15467391.83
10746167.35
11177360.82
139767185.2
15631374.29
4312680.53
14870863.65
91165465.91
95207827
22800694.08
2664996.98
82640173.27
-23917002.76
8053347.81
107982161.3
29558895.05
68602980.35
670913884.3
102969553.7
350644851.5
733808017.4
360609394
23651292.04
284572902.9
65369429.29
343819088.7
48660257.28
48660257.28
131585378
726043919.8
824664612.9
45652266.47
116724632.8
8267695.61
167877291.8
13583861.15
20099869.09
17987897.24
151371092.6
101133780.2
47462013.98
66942923.24
392732397.3
28597093.28
44958845.39
20700747.82
193635667.5
362394384.5
8737177.3
48842459.62
33215296.25
47451775.3
40750414.4
86099565.75
231792104
29108943.58
12890734.13
6882103.02
15821111.59
6763045.98
641706105
16746877.43
4445643.11
27290867.92
123200634.4
418787113.7
1174209677
82579571.62
18908477.25
232539827.3
130335977.8
76812050.03
1075114280
100057629
452152161.8
-158499349.4
95208381.46
1225067757
245635362.3
26129319.05
101600859.2
349325847.3
70417272.14
55389879.07
95397788.74
95397788.74
89655821.85
21652700.19
80809714.49
-488198334.3
-66706336.8
32313045.69
225976345
1876922232
3685619.5
211478643.3
223056129.4
276336715.3
17803971.94
27257085.43
112156240.2
806419627.6
5699295.45
72920288.75
54668364.75
47333666.56
80736540.33
39768594.67
-51100822.65
69813605.52
10363519.7
14522707.95
60518957.58
25121384.34
15027468.69
3535929.25
1939053.13
44151576.65
7522833.08
24044297.78
-603137.2
24016108.89
9978109.61
761976698.1
860631100.1
19235653.42
89482457.25
145465544
49227369.4
21480653.38
43148477.01
9681412.67
129283682.5
19217139.72
145372267.2
1678215504
48894353.55
348734001.9
3617235595
5467854809
532391960.4
101140335.4
62408903.3
23266969.72
62964384
36248296.99
14906062.06
224459913
514680702
815580995.8
304667350.3
22625439.71
22625439.71
-116791957.9
2625770466
147601349.6
54339536.58
1866127384
622070628.7
622070628.7
10157958807
10776011.74
36003937.42
940440170.4
19565651.26
444785748.7
195661559.6
181421222.3
24030237.77
169401072.7
93193414.3
116700367.9
146453309.3
12741584.1
36251717.94
79584837.6
11293461.78
152078653.7
-42626880.01
-29370468
46610169.54
12608845.21
57786974.8
70525991.29
23958957.54
6815042.62
58952492.13
9052009.87
10955211.8
18582603.46
143848101.9
71288136.99
128003618
55848321.78
21492307.9
4202014.61
5955039.62
20220462.29
27413025.57
1452903.09
38275705.04
34630981.2
5341264.63
6159996.57
46655724.08
14669528.09
12836668.17
258928349
58420767.82
27824890.7
32197046.82
-31259295.11
268873904.1
8883449
150566075.2
59878096.46
10388130.11
7663859.96
101471046.3
154173970.2
26745575.75
114219509.2
-117703836.4
-220447798.6
142447381.3
257135972.9
112106243.1
191685227.1
2100429123
42299845.07
108360809.8
23023254.07
204617087.6
21700630.96
95092150.74
528150625.1
161451388.6
1295973.8
1590422960
167048505.8
13919568.44
239060326.6
166187978.9
16505739.71
686070081.7
33282398.36
70191992.39
370509546.8
225850581.4
1279415043
-3451450409
32716760.18
181893649
334660329.2
343733565.6
529168281.2
86342237.93
49699578.03
175462355
120572456.6
45237103.61
246274498.6
65997580.14
907126677.1
305407390.2
510841255.7
6375819715
1476949701
1086169364
12083705.82
557847996
272751237.8
743284465.8
743284465.8
6311048.5
391087449.8
65163200.57
53575909.74
20623751.39
83011116.52
12736835.12
433794886.4
28036061.86
29309712.87
737988233.7
9228629396
287977504.5
903634055.2
2196130000
340630126.9
-97343.7
1569226165
43503855.95
62454001.38
59466671.6
26224503.3
118874688.2
158038870
158038870
703459362.3
42112433.66
-495191230.2
77569589534
2354441.73
904863771
-20496725.76
146357310.2
118240477
8618417.82
922048.16
443133770.4
5057945255
11484285.37
94477010.57
3353349.42
3401839613
110643662.7
110643662.7
171084356.5
-121532170.8
54519520.28
1158376419
762173192.7
530936008.3
66983938.99
7536390.4
178232231.4
45258570.87
11774441.33
9571276.19
347990108.5
347990108.5
66568431.32
8262223.6
23625652.14
3498925.9
495743725.5
780626612.1
780626612.1
-10413834.71
20774677.84
1860453.54
1860453.54
679355419.7
74006228.51
1061614565
132451811.9
25785802.56
656580088.1
738819323.1
123622981.6
-139300533.9
-139300533.9
92304475.24
-21531019.81
40225218.19
210873847.1
805221996.4
62065799.7
19153888.08
18028413.28
7795816.01
159506873.7
25804817.32
91702940.4
96140551.45
-3435584097
122139439.6
-2247369.01
159420154.9
90448569.92
18440553.62
28135765.49
15422253.42
106603548.7
11014662.65
10692223.66
47542535.23
38162040.28
29851664.04
26167807.56
6562243.76
30490031.41
134818242.1
86141002.84
140190681.2
96160507.7
49754337.54
172357835.9
22211631.94
18982312.38
-7693318.82
6881719.59
11438636.9
15510306.39
740179830.9
23831386.78
5311615.84
16553603.22
52781957.83
22071701
4304279.28
3145233.55
67602116.32
82044240.95
137551871.6
-88894216.58
11312327.45
52788249.56
90199093.74
66175289.49
17822518.71
11249693.43
33459077.59
92930621.69
31726829.1
74499594.54
-29943451.89
6283662.07
70188855.85
45750934.8
165379998.1
16962039.81
69781439.56
9495639.82
33115721.87
-805444.57
19892157.52
28569113.14
92951577.62
180745302.6
313615023.5
55917646.2
186609844.1
3886865.27
304062336.8
9823529.94
227866101.1
48409824.36
2951395
186607867.2
19087308.87
72166252.24
384244789.9
27480289.59
199184212.3
282494017.7
590571576.5
87601841.15
87601841.15
568717564.2
1670407321
1670407321
1074378841
4195794110
4195794110
971198697.1
318092124.9
16764997.32
231011778.9
111088708
27984136.47
106524662
21310480.47
117344371.3
25041572.92
47008546.58
271136717.1
28919426.16
797128584.5
37399722.23
1227948853
146612343.1
86110277.5
10796306.63
75006325.5
4050528.33
80284132.5
12440649.62
114225475.2
74769580.22
165537157.8
1348589305
90863292.29
90863292.29
253635398.5
18710909.49
248696402.6
18544812.95
395020209.8
30471247.65
6086934.57
40581363.6
347016351.3
481417347.9
153758013.4
450076924.4
987654287.8
3508714
8678170.67
15878305.03
324245811.7
13244178.41
13244178.41
131488627.7
32117991
104881488.3
30260107.86
154967613
115598805.9
1386414782
42458931.09
89091478.63
149120367.5
-290220107.8
279764942.6
102675037.9
31883551.67
181533098.8
41813303.63
83872868.99
754204342.4
25171963.36
-639474200.2
65124969.7
116337466.6
28141634.65
17387661.11
753176657.6
10704159.3
4047098.92
12873366.96
35598868.47
62340529.79
18850411.19
53634172.59
8870082.93
9480132.34
-89696500.06
-4496658.67
2535870.99
38603519.29
10904873.93
74360214.18
1607818490
57212273.06
269284825
105213582.4
17041279.93
40869681.65
106964836.3
36845749.8
774457868.6
95647048.87
78224707.48
24485194.1
1020443.89
16947102.11
53980207.38
15214572.98
70824345.15
4701602.82
9246995.09
13443335.9
29909168.53
17962419.27
92187788.05
1005416232
84909974.07
60872669.4
6989450.04
-4078520000
-4078520000
416442624
149577946.7
151419665.1
173146647.9
410762226.4
61974515.24
127762223.5
124143187
11117934.68
222343366.8
-16818754.62
84026915.42
60504661.97
65444353.78
43495633.44
514480577.5
184477928.3
18727867.62
279212337.1
52440637.46
204075318.7
25105104.35
8824142.34
-35814404.58
36516791.09
9720643.1
23217922.06
14378826.46
3479204.5
1040257921
76862737.04
22732509.82
100625535.5
23768762.25
62019180.27
913575.63
8121124.34
170775557
242618222.2
1143526466
89211400.71
36131869.73
219479983.3
434252986.3
-52260659.99
929160353.8
302607013.9
2745053941
32755328.35
34356205.74
100553640.8
375691797.2
39205157.6
71079662.33
131940249.1
131349898.7
39760905.32
173589755
30401351.26
7052306.9
53655396.92
156450150.3
176212246.7
45781159.65
132741235.1
242485382.2
158988063
55040280.95
277539645.6
154302628.4
83326292.57
397079656.7
100227354.3
6902113.27
-2688707.95
36646588.64
101158623.4
-361670807.8
18229576.97
15821105.69
-11696489.56
46450240.01
37932545.88
23200222.21
27393845.84
40200591.58
44734314.01
9338669.72
12606600.99
31284271.44
23282140.51
8900609.5
39582282.66
14485946.95
27153296.61
29252183.04
15790032.14
4490729.85
12476556.14
7221797.38
13244280.16
16451519.25
26401215.04
4198601.36
7986928.74
33417005.96
9493882.28
169810153.7
369381320
246655335.4
246655335.4
1378314731
402917416.2
82578058.18
-26819263.02
200051790.1
111082736.2
188128853.9
38867427.08
2458020443
61448556.18
130025083
79513305.75
117676249.5
617395908.6
4034134.19
29646359
518513776.5
297981113.4
45931197.08
163047639.9
1303868671
-95332564.65
136019443
98663494.63
19543290
25566779.74
82334421.14
85796884.03
72993426.33
965542540.9
25099715.85
390016273.4
90146270.1
-33925544.3
11482881.8
74896269.35
24701923.38
139151377.8
23256252.59
427161872.5
48641205.22
112317843.6
72125254.46
86410502.48
331745864.5
11977250.92
286762122.4
21450719.45
26317732.67
68887830.46
154624743.1
22439418.46
121069737.5
239256357.8
68087779.53
63044868.66
11316183.67
21882210.47
21919719.28
51563690.46
16324415.65
27136306.8
47291093.83
20488465.44
96156408.73
19342821.73
18721337.74
85204300.72
3658420.64
21224412.64
21677983.31
1050439141
137011580.1
230590256.5
167916570.5
39467642.99
432402788
451344802.1
2854940.18
709992669.4
149644661.3
149644661.3
89159299.27
318343503.6
59293000.56
87792051.81
67078144.76
410292667.6
100743440.3
136127969.2
170434748.5
1238690525
622538349
204394428.5
67618791.9
146392733.4
31687643.05
40935931
437245195.2
11986337.83
91636065.28
122103010.9
58870349.95
163994825.8
629154866
41700207.34
3251296.88
623301038.2
922998491.7
1034726583
201137398.3
89673987.87
274698159.1
-29594.19
26970073.09
206259149.2
104826062.4
17032966.85
-185304496.3
67115508.62
43552157.64
79107535.12
40851651.91
-108067805.3
64360955.94
44337101.11
22073433.55
618968923.8
-5795747755
-120462166.9
404090640.4
94066035.71
148225883.1
108369805.1
206380095.1
82169599.85
6762744.91
132044311.5
23417304.91
3701675852
-8350875.46
38247841.05
238071550.6
328993979.2
-41512146.4
-323605676.8
456471.61
-149219514.6
17256266.22
206450628.2
10995077.57
-10311402.23
1783457743
21374683.71
68309462.07
151817001.9
61954794.46
-42687585.15
-62461340.4
74869926.9
-219644.31
130603394.4
809772223.9
148114910.9
108012303.2
67681176.91
104138940.3
529866532.6
310660324.8
62346424.04
57022571.05
125754456.1
5692644.42
77457202.95
218445869.6
141175947.2
119474940.2
97411095.75
271174483.5
-43849491.31
744503715.9
140866464.4
115457693.1
16390678.25
39088174.41
1512320694
460870585.1
49994849.81
135789124.2
48941683.8
1790426431
539543697
497879050.4
9223665.37
76221322.59
67353277.12
-28911625.03
15157069.88
40682562.47
48056967.78
58567848.05
43544290.35
38790620.53
66523039.96
101396808.5
21494294.17
55288579.98
26875267.56
13924970.12
1055965.97
18291580.9
200177367.9
48974892.58
1028592843
311939562
240938816.7
154172758.6
-44065354.9
60520217.33
240827678
339197365.7
42045427.66
1583047.64
68190942.17
49687900.79
3137615034
172938010.7
-286154626.3
796159757.1
-58174329.54
-212807836
56513825.19
314523811.8
-28690631.87
45549591.29
33126461.19
23558517.07
5278107.8
2910264395
102178022.7
16732561.28
21829204.53
-20567441.15
77619952.79
38171704.09
83100105.81
15395554.2
24559912.19
11488458.53
63217276.88
27337988.76
12771174.31
26703416.15
1202594906
-164426103.4
28948295
219104098.4
219104098.4
-20107864.54
172518232.4
82667204.18
45513336.74
40748115.66
18368522219
33937087.65
540401069
52474028.46
29717071.07
100810931.7
449461054.5
59734325.49
272946609.4
91262234.85
24221528.96
12912823.44
82473075.89
101961172.7
223031609.9
57270835.66
12223179.09
6527001.97
7814922.23
13354046.51
4922741.85
6895646.06
2657819.13
34348879.94
18234663.88
10236329.2
11153023.16
12471863.94
17013863.69
17691324.53
5352187.92
41197073.43
228407572.1
-9006475.68
6867831672
586496034.5
532955859.8
354369572.2
91970073.81
91970073.81
6880298000
39922209.09
26175930.08
185573835.3
86373997.3
36819142.32
41198725.04
12278728.31
97631464.82
72207865.67
745050965
119467156.3
247664852.9
105682908.2
-115470328.7
145746294
294084380.2
400944889.2
157963279
-67502774.85
184041201.9
16145987.19
21259709.94
101393848.2
13500751.17
85971349.39
10143928.76
12275052.81
13348747.9
42572965.09
-101251501.4
1966080275
495885078.3
6474973.8
1150303000
741900747.9
517200245.5
1123663965
220119466.2
1556589000
251897106.9
130997970.6
208786441.1
185709634.1
163268129.5
349974896.6
349974896.6
67527555.47
34204861.63
1254270366
106949998.1
108912899
98766595.22
263068410
263068410
-8032462.06
104172156.4
778773021.8
-28953831.62
82800306.35
87922300.29
432277465.4
899414016.7
125098896.8
191098716.8
130342430.8
6400367.85
118368716.9
-20206962.29
148811949.9
21892822.8
65247919.88
31118467.55
2278181.41
443061314.9
63081046.08
157829348.6
196586592.5
254992760.9
159982675.4
18611123.44
25242156.32
87372190.96
30385417.45
41797981.78
41797981.78
71174477.88
473610179.9
6323388.6
21277169.7
73118084.21
293965587.7
243582320.4
81627470.78
26476842.38
468900128.7
34322372.04
22582136.61
10792511.37
58564085.95
14225486.75
312679857.6
894432560.4
4759020.68
131479194.9
663315598.1
48195163.68
51567916.08
6805433.36
711549484.8
195485916.3
214854665.6
133072843.6
525679095.7
197077000
212498682.7
980804012.4
226119623.2
417041236.8
5551632.73
87233155.65
179795248.2
101601733.5
539461058
21839499.13
480237233.8
93844649.46
15279061.48
531908082.1
531908082.1
-908700743.1
116173230.3
307909742.4
-2435306.38
538271722.6
10286418.62
158175310.1
67855728.3
149308242.8
103865793.1
475538638.4
281589250.8
1178034936
24536040.82
115397439.5
83700615.61
87059908.24
96411319.42
57024480.04
56439506.86
102721924
89162560.12
210690231.6
534858895.9
146791528.6
305591907.6
-60648902.47
398074177.9
97294531.49
59252376.36
34471824.89
290717780.3
255323103.4
58644882.01
1067653992
15256582.3
93837627.74
-12608155.55
35823540.09
95226422.71
1714234.76
56278397.15
170833454.4
139260977.5
131046268.4
97513776.39
704030321.2
820666566.4
174850636.2
-232699321.8
143913148.2
515931932.7
14692931.36
154867919.3
80007661.62
3826778999
14612496.28
-119683000
1780840575
101459735.3
665869887.6
312640759.9
3048434121
3048434121
103998519
22780607.52
238335322
77925473.62
77925473.62
33535716.35
198331903.6
647335948.7
-489671877.6
61727082.54
229029905.4
60413468.71
111856747.9
11587540.37
-1128521270
44676846.21
-24115977.57
10252362.17
156428366.4
611161746.8
292089613.1
58306744
62086854.96
87360742.7
87360742.7
48744846.66
58755487.08
80458004.42
528106099.5
47837375.72
167864591.3
292222695.1
9523012.21
462402333.5
323095538.5
323095538.5
48691774.59
48691774.59
200859504.7
551322732
7947481000
1226420831
1014351543
4152000000
11759000000
1187764000
1187764000
80916372.57
385809141.1
349394028.3
315249065.4
22997075.08
112472590.6
309156210.6
8036056897
408375025.7
816736848
114365443.3
32971734.01
73736873.49
70012924.76
27686883.63
497944900
108592682
363733065.8
17297561.43
651822781
11078867112
2759724395
265501950.1
40232194.75
52234329531
706771248.7
6313681615
289617057.8
45927882.03
20398152.51
72305350.35
-143216247.5
122696500.2
-7080678.6
-7997156.77
6021015090
46794905084
33809702.32
406255356.2
42837318.53
-27522954.45
16888547.62
896348867.7
95611674.86
8709488017
105719659
9649282682
559256039.8
111113583.9
252698144.6
136819309.5
306127770.6
2084345561
56840790460
189760505.4
6260807850
150581815.8
78608070.15
-61896783.02
5939188841
1748872506
379531756
-8533083150
81986834
30792300.05
220158070.2
4309315014
3315421024
49424762.89
142056189
525134911.4
68246728.08
641868021.8
69881664.93
2961792427
487978942.7
1495930376
3217310130
390423126.5
141737338.6
-1660854634
9192819441
1964839858
3328997963
34253202148
55179152488
2433803289
1888644041
252935925.9
40142410.77
107465806.1
861195778.6
84570746.83
97301477743
1082554672
440083028.9
435415813.4
77370384.01
46907847857
-209433760.4
65434360.91
65434360.91
92515373.22
33035802.17
33035802.17
7532157202
600208466.3
1284827821
2138876382
13614495676
-260687496.5
-260687496.5
18406273097
656574232.2
2823463635
-561514656
180598845.8
153340492.2
28394216237
-283825217.9
7936209771
724898366.6
141448163.4
17914936.98
121108000
749371834.8
-2403385003
773090014.2
744546071.9
269476559.6
30962715470
6436481643
20347622.78
18874338959
93764201.44
1167088.22
39090288.58
7206821887
1677802426
168704238
40035114.72
29572764.46
700428664
251468569.2
627060152
-1578641513
3039922280
50678402431
-9723200649
3759750980
-16311171.09
199369984.2
60909689.52
93791206.06
371514614
4327580560
3315421024
9761923.01
334366915.2
12357013524
3565145564
2521567876
245388292.6
345859769.6
56566084.01
756867602.8
-3190432609
107645420.1
367522085.8
18264384.67
6950145828
9675845489
550761973.6
-108824847.7
66899880.05
2524347592
16134590678
1043673.87
32600390.74
218284227.1
65978919.24
462587815.6
462587815.6
247150196
247150196
535460382.8
535460382.8
406375218
572285827.6
572285827.6
273678241.6
273678241.6
267750152.2
4.8558E+11
8.29302E+11
9.43856E+11
1.77162E+11
1.74161E+11
2.8502E+11
2.48438E+12
7.47861E+11
1.63134E+11
1.40798E+11
2.6139E+11
18733722318
6069481000
1254836000
56983695000
26899101000
14404558000
4.75492E+11
2.85622E+11
3.55015E+11
7.51767E+11
5.51036E+11
3.75755E+12
2.27116E+12
2.41949E+12
12894895076
31627710822
11891626424
18341140548
1737732374
83899530106
11033626197
7907454361
2342185314
10898870688
70176316713
1951532204
14244901120
753960243.5
5137483063
5557554274
47827480376
20193818207
35214523393
48356657852
3952780213
19981899763
10772740947
89117266601
24854391842
58907040874
12860872476
11466283613
17485878406
11029172700
-3242069200
26755638213
13230419248
5761454192
5.61487E+11
1.42354E+12
3.20861E+11
1.24247E+11
91868090387
1011342187
968576462.4
588328068.7
29760607.05
-191581694.8
150838084.1
373407726.8
14547817422
52733797.29
10288703012
-35913153.81
1892321052
77430934.91
77430934.91
-9399788565
21133827.37
11100782050
682465788.1
1149444000
1218077.03
-637304007.4
1901966509
4004224892
4037540056
3694297299
192244658.5
53516078.77
17605110.52
25333711.81
158524316.4
13287743.37
122885494.2
22338939.8
33174527.75
1293935979
32930274.54
1512403879
68610000.2
6248058.33
205454339.9
204777472.5
4141494.88
80679348.97
194714509.5
14000274.88
69653676.74
438022987.3
63832357.15
899489595.5
137921057.1
423750564.2
100222282.8
-2246608017
-1082010.05
14601430.7
14601430.7
236337.13
994880862.6
51441260.01
117861527.9
265234321.6
-32930535.05
2268741851
135508400.7
382599705.6
2758294302
233923593.2
41673414.23
8583491274